0.039518 126
61.085082 1
0.054270 1
0.182209 1
0.253179 1
0.466257 1
0.136284 1
0.159952 1
0.111872 1
0.968717 1
0.972947 1
0.142222 1
0.637831 4
0.254281 1
0.081265 1
0.343953 1
0.275886 1
0.199550 1
0.461767 1
0.522755 1
0.389616 1
0.451419 1
2.649429 4
0.168226 4
0.155818 4
0.141381 4
0.143636 4
0.165559 4
0.122435 4
0.146442 4
0.157259 4
0.152206 4
3.816363 1
0.890856 1
0.183151 1
0.160583 1
0.244789 1
0.423903 1
0.490439 1
0.471750 1
0.423479 1
0.513682 1
0.407068 1
0.704490 1
1.174065 128
3.472520 1
0.113757 1
0.157734 1
0.174097 1
0.582795 1
0.803778 4
0.262723 1
5.274935 1
0.712467 1
3.464056 1
0.143937 1
0.194883 1
0.602683 1
0.960974 1
0.093881 1
0.136716 1
0.161088 1
3.389745 1
0.336233 1
2.242699 1
1.836978 1
0.721366 128
1.190337 1
0.193877 1
0.097721 1
0.141747 1
0.201547 1
0.964225 1
0.319379 1
0.148542 1
0.152954 1
0.144855 1
0.500169 2
0.000385 134
16.963150 1
0.166334 1
0.461966 1
0.360313 1
0.142385 1
0.131189 1
0.167455 1
0.998374 1
1.418935 1
1.037085 1
0.846658 1
0.139410 1
0.250468 1
0.251495 1
1.158862 1
0.138314 1
0.144640 1
0.160872 1
1.877194 1
3.623797 1
0.665777 1
1.303793 1
1.007804 128
1.219617 1
0.192894 1
0.099559 1
0.162907 1
0.166578 1
0.698748 1
0.581429 1
0.159182 1
0.230953 1
0.696833 5
0.624399 133
21.250338 1
0.119926 1
0.188998 1
0.950658 4
0.617491 1
0.183405 1
0.183419 1
0.160394 1
0.087821 1
0.189417 1
0.585652 1
1.671765 1
1.776236 1
0.191775 1
0.227068 1
0.642563 1
0.523665 1
0.112503 1
0.271511 1
0.453111 1
0.204373 1
0.433355 1
0.228631 1
0.141539 1
0.177738 1
0.948133 1
0.540486 2
0.000592 126
7.922694 1
0.669746 1
2.545027 1
2.232901 1
0.109408 1
0.130152 1
0.135430 1
1.666979 1
2.491131 1
0.489886 1
0.729074 1
0.134718 1
0.207575 1
0.225562 1
0.183600 1
0.173590 1
0.143936 1
0.184599 1
5.672424 1
3.658844 1
1.718890 4
0.825525 1
0.538808 1
1.520599 1
1.548298 1
1.364413 2
0.000493 126
0.674313 1
0.157469 1
0.106842 1
0.141373 1
0.215453 1
0.903348 1
0.377028 1
0.149374 1
0.222998 1
0.395014 1
0.911591 4
0.628061 1
0.175734 1
0.333556 3
0.647053 2
0.000084 5
0.000784 126
9.672797 1
0.158580 1
0.559281 1
1.047908 1
0.155693 1
0.111010 1
0.190243 1
0.697400 1
1.509773 1
0.529438 1
0.854999 1
0.126205 1
0.284678 1
0.800824 1
0.287683 1
0.111075 1
0.143416 1
0.135082 1
1.599927 1
0.327302 1
0.930492 1
0.973605 1
2.077241 4
0.200478 4
0.154952 4
1.012418 1
0.874635 1
1.005146 1
0.418950 2
0.000734 126
0.831242 1
0.175960 1
0.154977 1
0.108575 1
0.187664 1
0.845359 1
0.295457 1
0.135558 1
0.234275 1
0.458873 5
3.331181 2
0.000098 11
0.000622 126
4.793387 1
0.101871 1
0.216891 1
0.676005 1
0.298568 1
0.208472 1
0.207704 1
0.789353 1
1.244435 1
1.607236 1
0.959312 1
0.185346 1
0.207238 1
0.232345 1
0.202137 1
0.172982 1
0.129428 1
0.195004 1
1.715278 1
5.124008 1
0.781466 1
1.260902 1
0.626363 128
1.248979 1
0.162382 1
0.134812 1
0.149574 1
0.152749 1
0.939269 1
0.796092 1
0.169934 1
0.222997 1
0.351763 1
0.180408 1
0.098145 1
0.160340 1
1.185002 139
3.747660 1
0.183082 1
0.167812 1
0.265649 1
0.163202 1
0.111825 1
0.177962 1
0.557485 1
0.723614 1
0.961336 1
0.156950 1
0.262572 1
0.218306 1
0.188375 1
0.145778 1
0.219394 1
0.194349 1
1.932856 1
0.204856 1
1.464801 1
0.795954 1
1.900122 1
0.311355 128
1.227082 1
0.140808 1
0.136033 1
0.128623 1
0.119626 1
0.177507 1
0.164310 1
0.232536 1
0.473987 1
0.146012 1
0.111667 1
0.152321 1
0.498422 1
0.466769 2
0.000108 9
0.000443 126
3.201878 1
0.172420 1
0.161980 1
0.172591 1
0.204528 1
0.849535 1
1.016697 1
0.160646 1
0.452518 1
0.535319 1
0.163619 1
0.110143 1
0.355740 2
0.490541 2
0.000244 16
0.000506 126
16.358782 1
0.193266 1
0.319553 1
0.494712 1
0.176480 1
0.103717 1
0.183949 1
1.213243 1
1.147468 1
0.718663 1
1.300230 1
0.221608 1
0.376263 1
0.847532 1
0.214607 1
0.185374 1
0.112493 1
0.436326 4
0.182928 4
0.165648 4
0.191061 4
0.830954 1
0.302187 1
0.121790 1
0.104241 1
0.153206 1
1.559182 1
0.209093 1
1.131272 1
0.371183 1
0.673638 1
1.526448 2
0.001142 126
1.303569 1
0.267293 1
0.101069 1
0.198050 1
0.200578 1
1.331176 1
0.830708 1
0.144148 1
0.211590 1
0.314727 5
0.471769 2
0.000042 5
0.000616 126
5.109193 1
0.238306 1
0.174281 1
0.207832 1
0.221545 2
0.000715 6
